{
 "cells": [
  {
   "cell_type": "code",
   "execution_count": 1,
   "metadata": {},
   "outputs": [],
   "source": [
    "import pandas as pd\n",
    "import nltk"
   ]
  },
  {
   "cell_type": "code",
   "execution_count": 2,
   "metadata": {},
   "outputs": [
    {
     "data": {
      "text/plain": [
       "(   year   season            brand  author of review  location  \\\n",
       " 0   2016  Spring        A Dtacher  Kristin Anderson  NEW YORK   \n",
       " 1   2016  Spring  A.F. Vandevorst       Luke Leitch     PARIS   \n",
       " 2   2016  Spring           A.L.C.  Kristin Anderson  NEW YORK   \n",
       " 3   2016  Spring           A.P.C.     Nicole Phelps     PARIS   \n",
       " 4   2016  Spring       A.W.A.K.E.       Maya Singer  NEW YORK   \n",
       " \n",
       "                   time                                        review text  \n",
       " 0   September 13, 2015  Detachment was the word of the day at A Dtache...  \n",
       " 1      October 1, 2015  You heard this collection coming long before y...  \n",
       " 2   September 21, 2015  August saw the announcement of big news for A....  \n",
       " 3      October 3, 2015  They call me the king of basics, Jean Touitou ...  \n",
       " 4     October 21, 2015  Natalia Alaverdian is a designer with a lot of...  ,\n",
       " (434, 7))"
      ]
     },
     "execution_count": 2,
     "metadata": {},
     "output_type": "execute_result"
    }
   ],
   "source": [
    "df = pd.read_csv('fashion.csv')\n",
    "df.head(),df.shape"
   ]
  },
  {
   "cell_type": "code",
   "execution_count": 3,
   "metadata": {},
   "outputs": [
    {
     "data": {
      "text/plain": [
       "Index(['year ', 'season', 'brand', 'author of review', 'location', 'time',\n",
       "       'review text'],\n",
       "      dtype='object')"
      ]
     },
     "execution_count": 3,
     "metadata": {},
     "output_type": "execute_result"
    }
   ],
   "source": [
    "#columns in the table \n",
    "df.columns"
   ]
  },
  {
   "cell_type": "code",
   "execution_count": 4,
   "metadata": {},
   "outputs": [],
   "source": [
    "# extracting the review we are going to analyze\n",
    "reviews = df['review text']\n"
   ]
  },
  {
   "cell_type": "code",
   "execution_count": 5,
   "metadata": {},
   "outputs": [],
   "source": [
    "from nltk.sentiment import SentimentAnalyzer\n",
    "from nltk.sentiment.util import *\n",
    "from nltk.corpus import stopwords\n",
    "from textblob import TextBlob"
   ]
  },
  {
   "cell_type": "markdown",
   "metadata": {},
   "source": [
    "## Method 1: Counting the pos and neg words in the reviews"
   ]
  },
  {
   "cell_type": "code",
   "execution_count": 6,
   "metadata": {},
   "outputs": [],
   "source": [
    "#filtering null\n",
    "def IsNotNull(value):\n",
    "    return value is not None and len(value) > 0"
   ]
  },
  {
   "cell_type": "code",
   "execution_count": 7,
   "metadata": {},
   "outputs": [],
   "source": [
    "# create dictionary list (prositive)\n",
    "dict_p = []\n",
    "f = open('positive-words.txt', 'r')   \n",
    "for line in f:\n",
    "   t = line.strip().lower()\n",
    "   if (IsNotNull(t)):\n",
    "      dict_p.append(t)\n",
    "f.close()"
   ]
  },
  {
   "cell_type": "code",
   "execution_count": 8,
   "metadata": {},
   "outputs": [
    {
     "data": {
      "text/plain": [
       "['a+', 'abound', 'abounds', 'abundance']"
      ]
     },
     "execution_count": 8,
     "metadata": {},
     "output_type": "execute_result"
    }
   ],
   "source": [
    "dict_p[:4]"
   ]
  },
  {
   "cell_type": "code",
   "execution_count": 9,
   "metadata": {},
   "outputs": [],
   "source": [
    "# create dictionary list (negative)\n",
    "dict_n = []\n",
    "f = open('negative-words.txt', 'r',encoding=\"ISO-8859-1\")   \n",
    "for line in f:\n",
    "   t = line.strip().lower()\n",
    "   if (IsNotNull(t)):\n",
    "      dict_n.append(t)\n",
    "f.close()"
   ]
  },
  {
   "cell_type": "code",
   "execution_count": 10,
   "metadata": {},
   "outputs": [
    {
     "data": {
      "text/plain": [
       "['2-faced', '2-faces', 'abnormal', 'abolish']"
      ]
     },
     "execution_count": 10,
     "metadata": {},
     "output_type": "execute_result"
    }
   ],
   "source": [
    "dict_n[:4]"
   ]
  },
  {
   "cell_type": "code",
   "execution_count": 11,
   "metadata": {},
   "outputs": [],
   "source": [
    "# count of positive and negative words that appeared in each message\n",
    "# net count which is calculated by positive count subtracting negative count. \n",
    "\n",
    "poscnt = []\n",
    "negcnt = []\n",
    "netcnt = []\n",
    "\n",
    "for n in reviews:\n",
    "    \n",
    "    text = n.lower()\n",
    "    qa = 0\n",
    "    qb = 0\n",
    "\n",
    "    for word in dict_p :\n",
    "        if (word in text) :\n",
    "            qa = qa + 1\n",
    "\n",
    "    for word in dict_n :\n",
    "        if (word in text) :\n",
    "            qb = qb + 1\n",
    "\n",
    "    qc = qa - qb\n",
    "    \n",
    "    poscnt.append(qa)\n",
    "    negcnt.append(qb)\n",
    "    netcnt.append(qc)\n"
   ]
  },
  {
   "cell_type": "code",
   "execution_count": 12,
   "metadata": {},
   "outputs": [],
   "source": [
    "df['positive_1'] = poscnt\n",
    "df['negative_1'] = negcnt\n",
    "df['neutral_1'] = netcnt"
   ]
  },
  {
   "cell_type": "code",
   "execution_count": 13,
   "metadata": {},
   "outputs": [
    {
     "data": {
      "text/html": [
       "<div>\n",
       "<style scoped>\n",
       "    .dataframe tbody tr th:only-of-type {\n",
       "        vertical-align: middle;\n",
       "    }\n",
       "\n",
       "    .dataframe tbody tr th {\n",
       "        vertical-align: top;\n",
       "    }\n",
       "\n",
       "    .dataframe thead th {\n",
       "        text-align: right;\n",
       "    }\n",
       "</style>\n",
       "<table border=\"1\" class=\"dataframe\">\n",
       "  <thead>\n",
       "    <tr style=\"text-align: right;\">\n",
       "      <th></th>\n",
       "      <th>year</th>\n",
       "      <th>season</th>\n",
       "      <th>brand</th>\n",
       "      <th>author of review</th>\n",
       "      <th>location</th>\n",
       "      <th>time</th>\n",
       "      <th>review text</th>\n",
       "      <th>positive_1</th>\n",
       "      <th>negative_1</th>\n",
       "      <th>neutral_1</th>\n",
       "    </tr>\n",
       "  </thead>\n",
       "  <tbody>\n",
       "    <tr>\n",
       "      <th>0</th>\n",
       "      <td>2016</td>\n",
       "      <td>Spring</td>\n",
       "      <td>A Dtacher</td>\n",
       "      <td>Kristin Anderson</td>\n",
       "      <td>NEW YORK</td>\n",
       "      <td>September 13, 2015</td>\n",
       "      <td>Detachment was the word of the day at A Dtache...</td>\n",
       "      <td>16</td>\n",
       "      <td>12</td>\n",
       "      <td>4</td>\n",
       "    </tr>\n",
       "    <tr>\n",
       "      <th>1</th>\n",
       "      <td>2016</td>\n",
       "      <td>Spring</td>\n",
       "      <td>A.F. Vandevorst</td>\n",
       "      <td>Luke Leitch</td>\n",
       "      <td>PARIS</td>\n",
       "      <td>October 1, 2015</td>\n",
       "      <td>You heard this collection coming long before y...</td>\n",
       "      <td>14</td>\n",
       "      <td>18</td>\n",
       "      <td>-4</td>\n",
       "    </tr>\n",
       "    <tr>\n",
       "      <th>2</th>\n",
       "      <td>2016</td>\n",
       "      <td>Spring</td>\n",
       "      <td>A.L.C.</td>\n",
       "      <td>Kristin Anderson</td>\n",
       "      <td>NEW YORK</td>\n",
       "      <td>September 21, 2015</td>\n",
       "      <td>August saw the announcement of big news for A....</td>\n",
       "      <td>22</td>\n",
       "      <td>25</td>\n",
       "      <td>-3</td>\n",
       "    </tr>\n",
       "    <tr>\n",
       "      <th>3</th>\n",
       "      <td>2016</td>\n",
       "      <td>Spring</td>\n",
       "      <td>A.P.C.</td>\n",
       "      <td>Nicole Phelps</td>\n",
       "      <td>PARIS</td>\n",
       "      <td>October 3, 2015</td>\n",
       "      <td>They call me the king of basics, Jean Touitou ...</td>\n",
       "      <td>11</td>\n",
       "      <td>26</td>\n",
       "      <td>-15</td>\n",
       "    </tr>\n",
       "    <tr>\n",
       "      <th>4</th>\n",
       "      <td>2016</td>\n",
       "      <td>Spring</td>\n",
       "      <td>A.W.A.K.E.</td>\n",
       "      <td>Maya Singer</td>\n",
       "      <td>NEW YORK</td>\n",
       "      <td>October 21, 2015</td>\n",
       "      <td>Natalia Alaverdian is a designer with a lot of...</td>\n",
       "      <td>14</td>\n",
       "      <td>20</td>\n",
       "      <td>-6</td>\n",
       "    </tr>\n",
       "  </tbody>\n",
       "</table>\n",
       "</div>"
      ],
      "text/plain": [
       "   year   season            brand  author of review  location  \\\n",
       "0   2016  Spring        A Dtacher  Kristin Anderson  NEW YORK   \n",
       "1   2016  Spring  A.F. Vandevorst       Luke Leitch     PARIS   \n",
       "2   2016  Spring           A.L.C.  Kristin Anderson  NEW YORK   \n",
       "3   2016  Spring           A.P.C.     Nicole Phelps     PARIS   \n",
       "4   2016  Spring       A.W.A.K.E.       Maya Singer  NEW YORK   \n",
       "\n",
       "                  time                                        review text  \\\n",
       "0   September 13, 2015  Detachment was the word of the day at A Dtache...   \n",
       "1      October 1, 2015  You heard this collection coming long before y...   \n",
       "2   September 21, 2015  August saw the announcement of big news for A....   \n",
       "3      October 3, 2015  They call me the king of basics, Jean Touitou ...   \n",
       "4     October 21, 2015  Natalia Alaverdian is a designer with a lot of...   \n",
       "\n",
       "   positive_1  negative_1  neutral_1  \n",
       "0          16          12          4  \n",
       "1          14          18         -4  \n",
       "2          22          25         -3  \n",
       "3          11          26        -15  \n",
       "4          14          20         -6  "
      ]
     },
     "execution_count": 13,
     "metadata": {},
     "output_type": "execute_result"
    }
   ],
   "source": [
    "df.head()"
   ]
  },
  {
   "cell_type": "code",
   "execution_count": 14,
   "metadata": {},
   "outputs": [],
   "source": [
    "## Method two： SentimentIntensityAnalyzer from NLTK"
   ]
  },
  {
   "cell_type": "code",
   "execution_count": 15,
   "metadata": {},
   "outputs": [
    {
     "name": "stdout",
     "output_type": "stream",
     "text": [
      "{'neg': 0.012, 'neu': 0.883, 'pos': 0.105, 'compound': 0.9625}\n",
      "{'neg': 0.052, 'neu': 0.889, 'pos': 0.059, 'compound': 0.4378}\n",
      "{'neg': 0.006, 'neu': 0.872, 'pos': 0.122, 'compound': 0.9842}\n",
      "{'neg': 0.054, 'neu': 0.846, 'pos': 0.1, 'compound': 0.9373}\n",
      "{'neg': 0.017, 'neu': 0.866, 'pos': 0.116, 'compound': 0.9738}\n",
      "{'neg': 0.031, 'neu': 0.797, 'pos': 0.173, 'compound': 0.9834}\n",
      "{'neg': 0.025, 'neu': 0.855, 'pos': 0.12, 'compound': 0.987}\n",
      "{'neg': 0.011, 'neu': 0.839, 'pos': 0.15, 'compound': 0.9862}\n",
      "{'neg': 0.039, 'neu': 0.867, 'pos': 0.094, 'compound': 0.9602}\n",
      "{'neg': 0.015, 'neu': 0.919, 'pos': 0.066, 'compound': 0.9325}\n",
      "{'neg': 0.014, 'neu': 0.902, 'pos': 0.084, 'compound': 0.9013}\n",
      "{'neg': 0.039, 'neu': 0.882, 'pos': 0.079, 'compound': 0.8723}\n",
      "{'neg': 0.01, 'neu': 0.884, 'pos': 0.106, 'compound': 0.9649}\n",
      "{'neg': 0.006, 'neu': 0.894, 'pos': 0.1, 'compound': 0.9796}\n",
      "{'neg': 0.0, 'neu': 0.898, 'pos': 0.102, 'compound': 0.9801}\n",
      "{'neg': 0.02, 'neu': 0.746, 'pos': 0.234, 'compound': 0.9965}\n",
      "{'neg': 0.007, 'neu': 0.881, 'pos': 0.112, 'compound': 0.9917}\n",
      "{'neg': 0.012, 'neu': 0.857, 'pos': 0.131, 'compound': 0.9951}\n",
      "{'neg': 0.032, 'neu': 0.897, 'pos': 0.071, 'compound': 0.9493}\n",
      "{'neg': 0.018, 'neu': 0.869, 'pos': 0.113, 'compound': 0.9648}\n",
      "{'neg': 0.036, 'neu': 0.902, 'pos': 0.062, 'compound': 0.8176}\n",
      "{'neg': 0.046, 'neu': 0.824, 'pos': 0.13, 'compound': 0.9734}\n",
      "{'neg': 0.008, 'neu': 0.863, 'pos': 0.13, 'compound': 0.9912}\n",
      "{'neg': 0.021, 'neu': 0.876, 'pos': 0.103, 'compound': 0.9871}\n",
      "{'neg': 0.007, 'neu': 0.899, 'pos': 0.094, 'compound': 0.9798}\n",
      "{'neg': 0.025, 'neu': 0.771, 'pos': 0.204, 'compound': 0.9927}\n",
      "{'neg': 0.039, 'neu': 0.809, 'pos': 0.152, 'compound': 0.9888}\n",
      "{'neg': 0.04, 'neu': 0.883, 'pos': 0.076, 'compound': 0.8658}\n",
      "{'neg': 0.03, 'neu': 0.869, 'pos': 0.101, 'compound': 0.9804}\n",
      "{'neg': 0.039, 'neu': 0.884, 'pos': 0.077, 'compound': 0.8988}\n",
      "{'neg': 0.0, 'neu': 0.885, 'pos': 0.115, 'compound': 0.9895}\n",
      "{'neg': 0.043, 'neu': 0.877, 'pos': 0.08, 'compound': 0.6448}\n",
      "{'neg': 0.016, 'neu': 0.925, 'pos': 0.059, 'compound': 0.8922}\n",
      "{'neg': 0.019, 'neu': 0.865, 'pos': 0.117, 'compound': 0.9701}\n",
      "{'neg': 0.025, 'neu': 0.813, 'pos': 0.161, 'compound': 0.9933}\n",
      "{'neg': 0.064, 'neu': 0.828, 'pos': 0.108, 'compound': 0.8191}\n",
      "{'neg': 0.021, 'neu': 0.869, 'pos': 0.11, 'compound': 0.9753}\n",
      "{'neg': 0.047, 'neu': 0.847, 'pos': 0.106, 'compound': 0.9246}\n",
      "{'neg': 0.03, 'neu': 0.902, 'pos': 0.067, 'compound': 0.719}\n",
      "{'neg': 0.118, 'neu': 0.79, 'pos': 0.092, 'compound': -0.8047}\n",
      "{'neg': 0.075, 'neu': 0.835, 'pos': 0.09, 'compound': 0.5574}\n",
      "{'neg': 0.019, 'neu': 0.908, 'pos': 0.072, 'compound': 0.9455}\n",
      "{'neg': 0.037, 'neu': 0.913, 'pos': 0.05, 'compound': 0.4355}\n",
      "{'neg': 0.037, 'neu': 0.849, 'pos': 0.114, 'compound': 0.9661}\n",
      "{'neg': 0.0, 'neu': 0.89, 'pos': 0.11, 'compound': 0.9585}\n",
      "{'neg': 0.038, 'neu': 0.823, 'pos': 0.139, 'compound': 0.9894}\n",
      "{'neg': 0.0, 'neu': 0.875, 'pos': 0.125, 'compound': 0.9878}\n",
      "{'neg': 0.018, 'neu': 0.929, 'pos': 0.052, 'compound': 0.8658}\n",
      "{'neg': 0.028, 'neu': 0.907, 'pos': 0.066, 'compound': 0.9141}\n",
      "{'neg': 0.04, 'neu': 0.86, 'pos': 0.1, 'compound': 0.9782}\n",
      "{'neg': 0.017, 'neu': 0.877, 'pos': 0.106, 'compound': 0.9888}\n",
      "{'neg': 0.012, 'neu': 0.891, 'pos': 0.097, 'compound': 0.9719}\n",
      "{'neg': 0.052, 'neu': 0.877, 'pos': 0.071, 'compound': 0.4497}\n",
      "{'neg': 0.051, 'neu': 0.862, 'pos': 0.086, 'compound': 0.8821}\n",
      "{'neg': 0.013, 'neu': 0.876, 'pos': 0.112, 'compound': 0.9634}\n",
      "{'neg': 0.025, 'neu': 0.787, 'pos': 0.188, 'compound': 0.9872}\n",
      "{'neg': 0.03, 'neu': 0.827, 'pos': 0.143, 'compound': 0.9918}\n",
      "{'neg': 0.038, 'neu': 0.859, 'pos': 0.104, 'compound': 0.9636}\n",
      "{'neg': 0.068, 'neu': 0.836, 'pos': 0.095, 'compound': 0.705}\n",
      "{'neg': 0.011, 'neu': 0.85, 'pos': 0.139, 'compound': 0.9933}\n",
      "{'neg': 0.025, 'neu': 0.8, 'pos': 0.175, 'compound': 0.9951}\n",
      "{'neg': 0.039, 'neu': 0.875, 'pos': 0.086, 'compound': 0.9069}\n",
      "{'neg': 0.019, 'neu': 0.868, 'pos': 0.114, 'compound': 0.9771}\n",
      "{'neg': 0.018, 'neu': 0.845, 'pos': 0.136, 'compound': 0.9818}\n",
      "{'neg': 0.01, 'neu': 0.894, 'pos': 0.096, 'compound': 0.9781}\n",
      "{'neg': 0.04, 'neu': 0.802, 'pos': 0.158, 'compound': 0.9831}\n",
      "{'neg': 0.005, 'neu': 0.919, 'pos': 0.076, 'compound': 0.949}\n",
      "{'neg': 0.032, 'neu': 0.862, 'pos': 0.106, 'compound': 0.9747}\n",
      "{'neg': 0.009, 'neu': 0.816, 'pos': 0.175, 'compound': 0.9931}\n",
      "{'neg': 0.02, 'neu': 0.871, 'pos': 0.109, 'compound': 0.9903}\n",
      "{'neg': 0.006, 'neu': 0.882, 'pos': 0.112, 'compound': 0.9729}\n",
      "{'neg': 0.0, 'neu': 0.905, 'pos': 0.095, 'compound': 0.9788}\n",
      "{'neg': 0.016, 'neu': 0.847, 'pos': 0.137, 'compound': 0.9884}\n",
      "{'neg': 0.045, 'neu': 0.814, 'pos': 0.141, 'compound': 0.9822}\n",
      "{'neg': 0.016, 'neu': 0.874, 'pos': 0.109, 'compound': 0.9714}\n",
      "{'neg': 0.041, 'neu': 0.852, 'pos': 0.107, 'compound': 0.9684}\n",
      "{'neg': 0.012, 'neu': 0.887, 'pos': 0.102, 'compound': 0.9916}\n",
      "{'neg': 0.035, 'neu': 0.876, 'pos': 0.089, 'compound': 0.9545}\n",
      "{'neg': 0.015, 'neu': 0.874, 'pos': 0.111, 'compound': 0.9893}\n",
      "{'neg': 0.031, 'neu': 0.867, 'pos': 0.102, 'compound': 0.9842}\n",
      "{'neg': 0.053, 'neu': 0.743, 'pos': 0.204, 'compound': 0.9953}\n",
      "{'neg': 0.03, 'neu': 0.903, 'pos': 0.067, 'compound': 0.8756}\n",
      "{'neg': 0.016, 'neu': 0.87, 'pos': 0.115, 'compound': 0.9805}\n",
      "{'neg': 0.054, 'neu': 0.841, 'pos': 0.105, 'compound': 0.8685}\n",
      "{'neg': 0.064, 'neu': 0.847, 'pos': 0.089, 'compound': 0.87}\n",
      "{'neg': 0.023, 'neu': 0.792, 'pos': 0.186, 'compound': 0.9972}\n",
      "{'neg': 0.0, 'neu': 0.883, 'pos': 0.117, 'compound': 0.9497}\n",
      "{'neg': 0.01, 'neu': 0.885, 'pos': 0.105, 'compound': 0.9834}\n",
      "{'neg': 0.009, 'neu': 0.821, 'pos': 0.17, 'compound': 0.9967}\n",
      "{'neg': 0.011, 'neu': 0.87, 'pos': 0.119, 'compound': 0.9804}\n",
      "{'neg': 0.025, 'neu': 0.867, 'pos': 0.108, 'compound': 0.9704}\n",
      "{'neg': 0.045, 'neu': 0.887, 'pos': 0.068, 'compound': 0.6235}\n",
      "{'neg': 0.033, 'neu': 0.909, 'pos': 0.058, 'compound': 0.5589}\n",
      "{'neg': 0.017, 'neu': 0.867, 'pos': 0.117, 'compound': 0.9851}\n",
      "{'neg': 0.021, 'neu': 0.87, 'pos': 0.109, 'compound': 0.958}\n",
      "{'neg': 0.016, 'neu': 0.882, 'pos': 0.103, 'compound': 0.9788}\n",
      "{'neg': 0.005, 'neu': 0.864, 'pos': 0.13, 'compound': 0.9897}\n",
      "{'neg': 0.051, 'neu': 0.902, 'pos': 0.047, 'compound': 0.0526}\n",
      "{'neg': 0.019, 'neu': 0.882, 'pos': 0.099, 'compound': 0.9668}\n",
      "{'neg': 0.039, 'neu': 0.837, 'pos': 0.124, 'compound': 0.9779}\n",
      "{'neg': 0.047, 'neu': 0.88, 'pos': 0.072, 'compound': 0.7504}\n",
      "{'neg': 0.023, 'neu': 0.883, 'pos': 0.094, 'compound': 0.9136}\n",
      "{'neg': 0.038, 'neu': 0.749, 'pos': 0.213, 'compound': 0.9884}\n",
      "{'neg': 0.007, 'neu': 0.832, 'pos': 0.16, 'compound': 0.9954}\n",
      "{'neg': 0.008, 'neu': 0.844, 'pos': 0.149, 'compound': 0.9896}\n",
      "{'neg': 0.014, 'neu': 0.899, 'pos': 0.087, 'compound': 0.9645}\n",
      "{'neg': 0.05, 'neu': 0.815, 'pos': 0.135, 'compound': 0.9625}\n",
      "{'neg': 0.027, 'neu': 0.814, 'pos': 0.159, 'compound': 0.9761}\n",
      "{'neg': 0.012, 'neu': 0.927, 'pos': 0.061, 'compound': 0.8481}\n",
      "{'neg': 0.014, 'neu': 0.882, 'pos': 0.104, 'compound': 0.9657}\n",
      "{'neg': 0.034, 'neu': 0.854, 'pos': 0.112, 'compound': 0.9864}\n",
      "{'neg': 0.039, 'neu': 0.879, 'pos': 0.082, 'compound': 0.9565}\n",
      "{'neg': 0.027, 'neu': 0.868, 'pos': 0.105, 'compound': 0.9825}\n",
      "{'neg': 0.007, 'neu': 0.797, 'pos': 0.196, 'compound': 0.9923}\n",
      "{'neg': 0.042, 'neu': 0.86, 'pos': 0.098, 'compound': 0.9643}\n",
      "{'neg': 0.041, 'neu': 0.854, 'pos': 0.105, 'compound': 0.9612}\n",
      "{'neg': 0.053, 'neu': 0.85, 'pos': 0.097, 'compound': 0.9238}\n",
      "{'neg': 0.009, 'neu': 0.937, 'pos': 0.054, 'compound': 0.8417}\n",
      "{'neg': 0.019, 'neu': 0.921, 'pos': 0.06, 'compound': 0.9571}\n",
      "{'neg': 0.006, 'neu': 0.854, 'pos': 0.141, 'compound': 0.9883}\n",
      "{'neg': 0.007, 'neu': 0.864, 'pos': 0.13, 'compound': 0.9797}\n",
      "{'neg': 0.02, 'neu': 0.892, 'pos': 0.088, 'compound': 0.9544}\n",
      "{'neg': 0.005, 'neu': 0.908, 'pos': 0.086, 'compound': 0.9856}\n",
      "{'neg': 0.009, 'neu': 0.845, 'pos': 0.146, 'compound': 0.9709}\n",
      "{'neg': 0.019, 'neu': 0.814, 'pos': 0.167, 'compound': 0.9948}\n",
      "{'neg': 0.021, 'neu': 0.871, 'pos': 0.108, 'compound': 0.9711}\n",
      "{'neg': 0.02, 'neu': 0.87, 'pos': 0.11, 'compound': 0.9625}\n",
      "{'neg': 0.029, 'neu': 0.882, 'pos': 0.089, 'compound': 0.9699}\n",
      "{'neg': 0.039, 'neu': 0.874, 'pos': 0.087, 'compound': 0.9337}\n",
      "{'neg': 0.035, 'neu': 0.874, 'pos': 0.091, 'compound': 0.9493}\n",
      "{'neg': 0.041, 'neu': 0.907, 'pos': 0.052, 'compound': 0.6542}\n",
      "{'neg': 0.015, 'neu': 0.847, 'pos': 0.138, 'compound': 0.9874}\n",
      "{'neg': 0.009, 'neu': 0.859, 'pos': 0.131, 'compound': 0.9758}\n",
      "{'neg': 0.0, 'neu': 0.801, 'pos': 0.199, 'compound': 0.9918}\n",
      "{'neg': 0.006, 'neu': 0.854, 'pos': 0.139, 'compound': 0.9877}\n",
      "{'neg': 0.038, 'neu': 0.868, 'pos': 0.094, 'compound': 0.9491}\n",
      "{'neg': 0.038, 'neu': 0.82, 'pos': 0.142, 'compound': 0.9818}\n",
      "{'neg': 0.06, 'neu': 0.824, 'pos': 0.116, 'compound': 0.9528}\n",
      "{'neg': 0.033, 'neu': 0.876, 'pos': 0.092, 'compound': 0.9817}\n",
      "{'neg': 0.008, 'neu': 0.863, 'pos': 0.129, 'compound': 0.982}\n",
      "{'neg': 0.03, 'neu': 0.816, 'pos': 0.154, 'compound': 0.9887}\n",
      "{'neg': 0.061, 'neu': 0.862, 'pos': 0.077, 'compound': 0.5095}\n",
      "{'neg': 0.052, 'neu': 0.861, 'pos': 0.088, 'compound': 0.9089}\n",
      "{'neg': 0.087, 'neu': 0.864, 'pos': 0.05, 'compound': -0.7173}\n",
      "{'neg': 0.033, 'neu': 0.821, 'pos': 0.146, 'compound': 0.9925}\n",
      "{'neg': 0.046, 'neu': 0.837, 'pos': 0.117, 'compound': 0.9801}\n",
      "{'neg': 0.047, 'neu': 0.818, 'pos': 0.135, 'compound': 0.9743}\n",
      "{'neg': 0.072, 'neu': 0.804, 'pos': 0.124, 'compound': 0.9433}\n",
      "{'neg': 0.028, 'neu': 0.854, 'pos': 0.118, 'compound': 0.9807}\n",
      "{'neg': 0.009, 'neu': 0.821, 'pos': 0.17, 'compound': 0.9975}\n",
      "{'neg': 0.013, 'neu': 0.88, 'pos': 0.107, 'compound': 0.9773}\n",
      "{'neg': 0.017, 'neu': 0.891, 'pos': 0.092, 'compound': 0.9424}\n",
      "{'neg': 0.0, 'neu': 0.849, 'pos': 0.151, 'compound': 0.9839}\n",
      "{'neg': 0.027, 'neu': 0.919, 'pos': 0.054, 'compound': 0.9174}\n",
      "{'neg': 0.0, 'neu': 0.923, 'pos': 0.077, 'compound': 0.9661}\n",
      "{'neg': 0.011, 'neu': 0.821, 'pos': 0.168, 'compound': 0.9898}\n",
      "{'neg': 0.067, 'neu': 0.845, 'pos': 0.088, 'compound': 0.9347}\n",
      "{'neg': 0.015, 'neu': 0.869, 'pos': 0.116, 'compound': 0.9913}\n"
     ]
    },
    {
     "name": "stdout",
     "output_type": "stream",
     "text": [
      "{'neg': 0.033, 'neu': 0.912, 'pos': 0.055, 'compound': 0.9418}\n",
      "{'neg': 0.005, 'neu': 0.892, 'pos': 0.103, 'compound': 0.9749}\n",
      "{'neg': 0.045, 'neu': 0.876, 'pos': 0.078, 'compound': 0.8778}\n",
      "{'neg': 0.009, 'neu': 0.876, 'pos': 0.116, 'compound': 0.9753}\n",
      "{'neg': 0.008, 'neu': 0.883, 'pos': 0.109, 'compound': 0.9753}\n",
      "{'neg': 0.089, 'neu': 0.792, 'pos': 0.119, 'compound': 0.8985}\n",
      "{'neg': 0.024, 'neu': 0.904, 'pos': 0.071, 'compound': 0.9332}\n",
      "{'neg': 0.007, 'neu': 0.826, 'pos': 0.167, 'compound': 0.9948}\n",
      "{'neg': 0.028, 'neu': 0.78, 'pos': 0.191, 'compound': 0.9904}\n",
      "{'neg': 0.046, 'neu': 0.908, 'pos': 0.046, 'compound': 0.0636}\n",
      "{'neg': 0.049, 'neu': 0.92, 'pos': 0.031, 'compound': -0.5423}\n",
      "{'neg': 0.057, 'neu': 0.818, 'pos': 0.125, 'compound': 0.9521}\n",
      "{'neg': 0.01, 'neu': 0.909, 'pos': 0.081, 'compound': 0.9178}\n",
      "{'neg': 0.01, 'neu': 0.797, 'pos': 0.192, 'compound': 0.9933}\n",
      "{'neg': 0.052, 'neu': 0.879, 'pos': 0.069, 'compound': 0.4717}\n",
      "{'neg': 0.0, 'neu': 0.916, 'pos': 0.084, 'compound': 0.9611}\n",
      "{'neg': 0.035, 'neu': 0.874, 'pos': 0.091, 'compound': 0.964}\n",
      "{'neg': 0.02, 'neu': 0.897, 'pos': 0.083, 'compound': 0.9428}\n",
      "{'neg': 0.041, 'neu': 0.856, 'pos': 0.103, 'compound': 0.9217}\n",
      "{'neg': 0.0, 'neu': 0.869, 'pos': 0.131, 'compound': 0.9795}\n",
      "{'neg': 0.015, 'neu': 0.921, 'pos': 0.063, 'compound': 0.7527}\n",
      "{'neg': 0.0, 'neu': 0.929, 'pos': 0.071, 'compound': 0.8439}\n",
      "{'neg': 0.019, 'neu': 0.85, 'pos': 0.131, 'compound': 0.9922}\n",
      "{'neg': 0.0, 'neu': 0.894, 'pos': 0.106, 'compound': 0.9637}\n",
      "{'neg': 0.028, 'neu': 0.891, 'pos': 0.081, 'compound': 0.9656}\n",
      "{'neg': 0.071, 'neu': 0.846, 'pos': 0.083, 'compound': 0.7149}\n",
      "{'neg': 0.021, 'neu': 0.778, 'pos': 0.201, 'compound': 0.9944}\n",
      "{'neg': 0.065, 'neu': 0.872, 'pos': 0.063, 'compound': -0.5555}\n",
      "{'neg': 0.0, 'neu': 0.94, 'pos': 0.06, 'compound': 0.8957}\n",
      "{'neg': 0.031, 'neu': 0.887, 'pos': 0.082, 'compound': 0.9718}\n",
      "{'neg': 0.057, 'neu': 0.881, 'pos': 0.062, 'compound': 0.4639}\n",
      "{'neg': 0.007, 'neu': 0.86, 'pos': 0.133, 'compound': 0.978}\n",
      "{'neg': 0.031, 'neu': 0.924, 'pos': 0.044, 'compound': 0.7258}\n",
      "{'neg': 0.041, 'neu': 0.749, 'pos': 0.21, 'compound': 0.9886}\n",
      "{'neg': 0.023, 'neu': 0.912, 'pos': 0.064, 'compound': 0.7906}\n",
      "{'neg': 0.0, 'neu': 0.883, 'pos': 0.117, 'compound': 0.9759}\n",
      "{'neg': 0.02, 'neu': 0.853, 'pos': 0.127, 'compound': 0.9659}\n",
      "{'neg': 0.024, 'neu': 0.845, 'pos': 0.13, 'compound': 0.9755}\n",
      "{'neg': 0.025, 'neu': 0.912, 'pos': 0.063, 'compound': 0.8786}\n",
      "{'neg': 0.008, 'neu': 0.821, 'pos': 0.171, 'compound': 0.9862}\n",
      "{'neg': 0.04, 'neu': 0.829, 'pos': 0.131, 'compound': 0.9944}\n",
      "{'neg': 0.023, 'neu': 0.843, 'pos': 0.134, 'compound': 0.9799}\n",
      "{'neg': 0.027, 'neu': 0.89, 'pos': 0.083, 'compound': 0.9508}\n",
      "{'neg': 0.019, 'neu': 0.904, 'pos': 0.077, 'compound': 0.945}\n",
      "{'neg': 0.104, 'neu': 0.816, 'pos': 0.081, 'compound': -0.6852}\n",
      "{'neg': 0.045, 'neu': 0.849, 'pos': 0.105, 'compound': 0.9299}\n",
      "{'neg': 0.033, 'neu': 0.858, 'pos': 0.109, 'compound': 0.9768}\n",
      "{'neg': 0.014, 'neu': 0.867, 'pos': 0.119, 'compound': 0.9638}\n",
      "{'neg': 0.021, 'neu': 0.89, 'pos': 0.089, 'compound': 0.8907}\n",
      "{'neg': 0.023, 'neu': 0.887, 'pos': 0.091, 'compound': 0.9216}\n",
      "{'neg': 0.0, 'neu': 0.877, 'pos': 0.123, 'compound': 0.9856}\n",
      "{'neg': 0.0, 'neu': 0.93, 'pos': 0.07, 'compound': 0.9324}\n",
      "{'neg': 0.03, 'neu': 0.909, 'pos': 0.062, 'compound': 0.8591}\n",
      "{'neg': 0.021, 'neu': 0.893, 'pos': 0.087, 'compound': 0.9453}\n",
      "{'neg': 0.004, 'neu': 0.942, 'pos': 0.054, 'compound': 0.9219}\n",
      "{'neg': 0.008, 'neu': 0.906, 'pos': 0.086, 'compound': 0.9555}\n",
      "{'neg': 0.027, 'neu': 0.902, 'pos': 0.071, 'compound': 0.9264}\n",
      "{'neg': 0.0, 'neu': 0.895, 'pos': 0.105, 'compound': 0.976}\n",
      "{'neg': 0.005, 'neu': 0.948, 'pos': 0.047, 'compound': 0.8807}\n",
      "{'neg': 0.013, 'neu': 0.903, 'pos': 0.085, 'compound': 0.9442}\n",
      "{'neg': 0.026, 'neu': 0.858, 'pos': 0.116, 'compound': 0.9718}\n",
      "{'neg': 0.038, 'neu': 0.866, 'pos': 0.096, 'compound': 0.9713}\n",
      "{'neg': 0.045, 'neu': 0.864, 'pos': 0.091, 'compound': 0.8613}\n",
      "{'neg': 0.007, 'neu': 0.855, 'pos': 0.137, 'compound': 0.995}\n",
      "{'neg': 0.012, 'neu': 0.846, 'pos': 0.141, 'compound': 0.9916}\n",
      "{'neg': 0.012, 'neu': 0.923, 'pos': 0.065, 'compound': 0.9465}\n",
      "{'neg': 0.01, 'neu': 0.801, 'pos': 0.189, 'compound': 0.9903}\n",
      "{'neg': 0.036, 'neu': 0.874, 'pos': 0.091, 'compound': 0.9201}\n",
      "{'neg': 0.006, 'neu': 0.841, 'pos': 0.152, 'compound': 0.9907}\n",
      "{'neg': 0.007, 'neu': 0.844, 'pos': 0.149, 'compound': 0.9799}\n",
      "{'neg': 0.027, 'neu': 0.902, 'pos': 0.071, 'compound': 0.7814}\n",
      "{'neg': 0.041, 'neu': 0.822, 'pos': 0.137, 'compound': 0.9755}\n",
      "{'neg': 0.015, 'neu': 0.898, 'pos': 0.086, 'compound': 0.9502}\n",
      "{'neg': 0.014, 'neu': 0.882, 'pos': 0.103, 'compound': 0.9781}\n",
      "{'neg': 0.029, 'neu': 0.819, 'pos': 0.152, 'compound': 0.9852}\n",
      "{'neg': 0.049, 'neu': 0.831, 'pos': 0.12, 'compound': 0.9595}\n",
      "{'neg': 0.056, 'neu': 0.815, 'pos': 0.129, 'compound': 0.9777}\n",
      "{'neg': 0.008, 'neu': 0.889, 'pos': 0.103, 'compound': 0.9781}\n",
      "{'neg': 0.0, 'neu': 0.903, 'pos': 0.097, 'compound': 0.9652}\n",
      "{'neg': 0.042, 'neu': 0.825, 'pos': 0.133, 'compound': 0.9903}\n",
      "{'neg': 0.004, 'neu': 0.922, 'pos': 0.074, 'compound': 0.9729}\n",
      "{'neg': 0.03, 'neu': 0.856, 'pos': 0.114, 'compound': 0.9468}\n",
      "{'neg': 0.024, 'neu': 0.922, 'pos': 0.054, 'compound': 0.7845}\n",
      "{'neg': 0.007, 'neu': 0.85, 'pos': 0.143, 'compound': 0.9925}\n",
      "{'neg': 0.027, 'neu': 0.802, 'pos': 0.171, 'compound': 0.9904}\n",
      "{'neg': 0.015, 'neu': 0.847, 'pos': 0.139, 'compound': 0.9744}\n",
      "{'neg': 0.038, 'neu': 0.927, 'pos': 0.035, 'compound': 0.0183}\n",
      "{'neg': 0.018, 'neu': 0.857, 'pos': 0.125, 'compound': 0.9926}\n",
      "{'neg': 0.008, 'neu': 0.712, 'pos': 0.281, 'compound': 0.9971}\n",
      "{'neg': 0.03, 'neu': 0.91, 'pos': 0.059, 'compound': 0.8908}\n",
      "{'neg': 0.017, 'neu': 0.862, 'pos': 0.121, 'compound': 0.9803}\n",
      "{'neg': 0.035, 'neu': 0.828, 'pos': 0.137, 'compound': 0.9855}\n",
      "{'neg': 0.047, 'neu': 0.881, 'pos': 0.072, 'compound': 0.6705}\n",
      "{'neg': 0.065, 'neu': 0.841, 'pos': 0.095, 'compound': 0.8271}\n",
      "{'neg': 0.017, 'neu': 0.823, 'pos': 0.159, 'compound': 0.9942}\n",
      "{'neg': 0.044, 'neu': 0.818, 'pos': 0.138, 'compound': 0.983}\n",
      "{'neg': 0.03, 'neu': 0.816, 'pos': 0.154, 'compound': 0.9856}\n",
      "{'neg': 0.013, 'neu': 0.881, 'pos': 0.106, 'compound': 0.9902}\n",
      "{'neg': 0.014, 'neu': 0.888, 'pos': 0.099, 'compound': 0.9468}\n",
      "{'neg': 0.048, 'neu': 0.881, 'pos': 0.071, 'compound': 0.9171}\n",
      "{'neg': 0.029, 'neu': 0.834, 'pos': 0.137, 'compound': 0.9799}\n",
      "{'neg': 0.014, 'neu': 0.889, 'pos': 0.097, 'compound': 0.9654}\n",
      "{'neg': 0.01, 'neu': 0.86, 'pos': 0.13, 'compound': 0.9879}\n",
      "{'neg': 0.015, 'neu': 0.892, 'pos': 0.093, 'compound': 0.9481}\n",
      "{'neg': 0.014, 'neu': 0.84, 'pos': 0.146, 'compound': 0.9903}\n",
      "{'neg': 0.07, 'neu': 0.845, 'pos': 0.085, 'compound': 0.7281}\n",
      "{'neg': 0.033, 'neu': 0.837, 'pos': 0.13, 'compound': 0.9864}\n",
      "{'neg': 0.029, 'neu': 0.85, 'pos': 0.121, 'compound': 0.9558}\n",
      "{'neg': 0.017, 'neu': 0.876, 'pos': 0.107, 'compound': 0.987}\n",
      "{'neg': 0.032, 'neu': 0.81, 'pos': 0.158, 'compound': 0.9882}\n",
      "{'neg': 0.019, 'neu': 0.822, 'pos': 0.159, 'compound': 0.9872}\n",
      "{'neg': 0.007, 'neu': 0.854, 'pos': 0.139, 'compound': 0.9884}\n",
      "{'neg': 0.034, 'neu': 0.891, 'pos': 0.075, 'compound': 0.9161}\n",
      "{'neg': 0.039, 'neu': 0.856, 'pos': 0.105, 'compound': 0.9592}\n",
      "{'neg': 0.029, 'neu': 0.864, 'pos': 0.107, 'compound': 0.9628}\n",
      "{'neg': 0.027, 'neu': 0.862, 'pos': 0.111, 'compound': 0.9682}\n",
      "{'neg': 0.0, 'neu': 0.829, 'pos': 0.171, 'compound': 0.9952}\n",
      "{'neg': 0.04, 'neu': 0.837, 'pos': 0.122, 'compound': 0.98}\n",
      "{'neg': 0.03, 'neu': 0.857, 'pos': 0.113, 'compound': 0.9791}\n",
      "{'neg': 0.047, 'neu': 0.802, 'pos': 0.151, 'compound': 0.9862}\n",
      "{'neg': 0.026, 'neu': 0.886, 'pos': 0.088, 'compound': 0.909}\n",
      "{'neg': 0.0, 'neu': 0.841, 'pos': 0.159, 'compound': 0.9686}\n",
      "{'neg': 0.051, 'neu': 0.845, 'pos': 0.104, 'compound': 0.8882}\n",
      "{'neg': 0.0, 'neu': 0.837, 'pos': 0.163, 'compound': 0.9792}\n",
      "{'neg': 0.048, 'neu': 0.91, 'pos': 0.042, 'compound': -0.5791}\n",
      "{'neg': 0.025, 'neu': 0.927, 'pos': 0.049, 'compound': 0.7783}\n",
      "{'neg': 0.051, 'neu': 0.877, 'pos': 0.072, 'compound': 0.855}\n",
      "{'neg': 0.009, 'neu': 0.814, 'pos': 0.178, 'compound': 0.9855}\n",
      "{'neg': 0.04, 'neu': 0.892, 'pos': 0.067, 'compound': 0.7096}\n",
      "{'neg': 0.019, 'neu': 0.881, 'pos': 0.1, 'compound': 0.9865}\n",
      "{'neg': 0.059, 'neu': 0.884, 'pos': 0.057, 'compound': -0.1297}\n",
      "{'neg': 0.057, 'neu': 0.82, 'pos': 0.123, 'compound': 0.9565}\n",
      "{'neg': 0.025, 'neu': 0.876, 'pos': 0.099, 'compound': 0.9767}\n",
      "{'neg': 0.02, 'neu': 0.883, 'pos': 0.097, 'compound': 0.9876}\n",
      "{'neg': 0.038, 'neu': 0.789, 'pos': 0.173, 'compound': 0.995}\n",
      "{'neg': 0.041, 'neu': 0.829, 'pos': 0.13, 'compound': 0.9644}\n",
      "{'neg': 0.01, 'neu': 0.897, 'pos': 0.093, 'compound': 0.9646}\n",
      "{'neg': 0.0, 'neu': 0.926, 'pos': 0.074, 'compound': 0.8847}\n",
      "{'neg': 0.02, 'neu': 0.825, 'pos': 0.155, 'compound': 0.99}\n",
      "{'neg': 0.027, 'neu': 0.868, 'pos': 0.105, 'compound': 0.9834}\n",
      "{'neg': 0.0, 'neu': 0.917, 'pos': 0.083, 'compound': 0.9505}\n",
      "{'neg': 0.036, 'neu': 0.895, 'pos': 0.069, 'compound': 0.8591}\n",
      "{'neg': 0.008, 'neu': 0.916, 'pos': 0.076, 'compound': 0.9279}\n",
      "{'neg': 0.018, 'neu': 0.906, 'pos': 0.076, 'compound': 0.91}\n",
      "{'neg': 0.045, 'neu': 0.876, 'pos': 0.08, 'compound': 0.8426}\n",
      "{'neg': 0.016, 'neu': 0.905, 'pos': 0.08, 'compound': 0.9497}\n",
      "{'neg': 0.036, 'neu': 0.891, 'pos': 0.073, 'compound': 0.9041}\n",
      "{'neg': 0.091, 'neu': 0.816, 'pos': 0.093, 'compound': -0.1154}\n",
      "{'neg': 0.027, 'neu': 0.882, 'pos': 0.091, 'compound': 0.9655}\n",
      "{'neg': 0.034, 'neu': 0.771, 'pos': 0.194, 'compound': 0.991}\n",
      "{'neg': 0.029, 'neu': 0.879, 'pos': 0.092, 'compound': 0.9621}\n",
      "{'neg': 0.028, 'neu': 0.902, 'pos': 0.071, 'compound': 0.8718}\n",
      "{'neg': 0.018, 'neu': 0.934, 'pos': 0.048, 'compound': 0.7506}\n",
      "{'neg': 0.022, 'neu': 0.891, 'pos': 0.086, 'compound': 0.9682}\n",
      "{'neg': 0.025, 'neu': 0.889, 'pos': 0.086, 'compound': 0.9622}\n",
      "{'neg': 0.007, 'neu': 0.896, 'pos': 0.097, 'compound': 0.9565}\n",
      "{'neg': 0.025, 'neu': 0.898, 'pos': 0.077, 'compound': 0.8915}\n",
      "{'neg': 0.022, 'neu': 0.907, 'pos': 0.071, 'compound': 0.9509}\n",
      "{'neg': 0.052, 'neu': 0.809, 'pos': 0.139, 'compound': 0.9726}\n",
      "{'neg': 0.025, 'neu': 0.922, 'pos': 0.052, 'compound': 0.863}\n",
      "{'neg': 0.036, 'neu': 0.919, 'pos': 0.044, 'compound': 0.2732}\n",
      "{'neg': 0.006, 'neu': 0.91, 'pos': 0.084, 'compound': 0.9664}\n",
      "{'neg': 0.025, 'neu': 0.895, 'pos': 0.08, 'compound': 0.864}\n",
      "{'neg': 0.005, 'neu': 0.918, 'pos': 0.078, 'compound': 0.9481}\n",
      "{'neg': 0.036, 'neu': 0.89, 'pos': 0.074, 'compound': 0.9234}\n",
      "{'neg': 0.0, 'neu': 0.905, 'pos': 0.095, 'compound': 0.9787}\n",
      "{'neg': 0.011, 'neu': 0.888, 'pos': 0.101, 'compound': 0.9451}\n",
      "{'neg': 0.015, 'neu': 0.843, 'pos': 0.142, 'compound': 0.9781}\n",
      "{'neg': 0.0, 'neu': 0.906, 'pos': 0.094, 'compound': 0.9345}\n",
      "{'neg': 0.0, 'neu': 0.897, 'pos': 0.103, 'compound': 0.9766}\n",
      "{'neg': 0.004, 'neu': 0.806, 'pos': 0.19, 'compound': 0.9957}\n",
      "{'neg': 0.016, 'neu': 0.874, 'pos': 0.11, 'compound': 0.9906}\n",
      "{'neg': 0.024, 'neu': 0.841, 'pos': 0.134, 'compound': 0.9883}\n",
      "{'neg': 0.028, 'neu': 0.897, 'pos': 0.076, 'compound': 0.7785}\n"
     ]
    },
    {
     "name": "stdout",
     "output_type": "stream",
     "text": [
      "{'neg': 0.016, 'neu': 0.88, 'pos': 0.104, 'compound': 0.9848}\n",
      "{'neg': 0.016, 'neu': 0.908, 'pos': 0.076, 'compound': 0.8979}\n",
      "{'neg': 0.02, 'neu': 0.867, 'pos': 0.113, 'compound': 0.9632}\n",
      "{'neg': 0.037, 'neu': 0.864, 'pos': 0.099, 'compound': 0.9557}\n",
      "{'neg': 0.0, 'neu': 0.796, 'pos': 0.204, 'compound': 0.9967}\n",
      "{'neg': 0.0, 'neu': 0.849, 'pos': 0.151, 'compound': 0.9923}\n",
      "{'neg': 0.0, 'neu': 0.904, 'pos': 0.096, 'compound': 0.9253}\n",
      "{'neg': 0.019, 'neu': 0.857, 'pos': 0.124, 'compound': 0.9741}\n",
      "{'neg': 0.071, 'neu': 0.842, 'pos': 0.087, 'compound': 0.2904}\n",
      "{'neg': 0.036, 'neu': 0.878, 'pos': 0.087, 'compound': 0.9166}\n",
      "{'neg': 0.027, 'neu': 0.893, 'pos': 0.08, 'compound': 0.9744}\n",
      "{'neg': 0.0, 'neu': 0.848, 'pos': 0.152, 'compound': 0.9828}\n",
      "{'neg': 0.013, 'neu': 0.866, 'pos': 0.12, 'compound': 0.984}\n",
      "{'neg': 0.017, 'neu': 0.833, 'pos': 0.149, 'compound': 0.981}\n",
      "{'neg': 0.013, 'neu': 0.823, 'pos': 0.164, 'compound': 0.9822}\n",
      "{'neg': 0.025, 'neu': 0.806, 'pos': 0.168, 'compound': 0.9922}\n",
      "{'neg': 0.023, 'neu': 0.863, 'pos': 0.114, 'compound': 0.9721}\n",
      "{'neg': 0.03, 'neu': 0.873, 'pos': 0.097, 'compound': 0.9586}\n",
      "{'neg': 0.031, 'neu': 0.836, 'pos': 0.133, 'compound': 0.9829}\n",
      "{'neg': 0.02, 'neu': 0.828, 'pos': 0.153, 'compound': 0.9909}\n",
      "{'neg': 0.024, 'neu': 0.843, 'pos': 0.133, 'compound': 0.9911}\n",
      "{'neg': 0.009, 'neu': 0.902, 'pos': 0.09, 'compound': 0.9674}\n",
      "{'neg': 0.034, 'neu': 0.887, 'pos': 0.079, 'compound': 0.9234}\n",
      "{'neg': 0.0, 'neu': 0.892, 'pos': 0.108, 'compound': 0.9922}\n",
      "{'neg': 0.027, 'neu': 0.916, 'pos': 0.057, 'compound': 0.8074}\n",
      "{'neg': 0.038, 'neu': 0.857, 'pos': 0.105, 'compound': 0.9684}\n",
      "{'neg': 0.042, 'neu': 0.835, 'pos': 0.124, 'compound': 0.9833}\n",
      "{'neg': 0.015, 'neu': 0.84, 'pos': 0.145, 'compound': 0.9873}\n",
      "{'neg': 0.01, 'neu': 0.839, 'pos': 0.151, 'compound': 0.9538}\n",
      "{'neg': 0.048, 'neu': 0.799, 'pos': 0.154, 'compound': 0.9746}\n",
      "{'neg': 0.023, 'neu': 0.907, 'pos': 0.071, 'compound': 0.9225}\n",
      "{'neg': 0.009, 'neu': 0.933, 'pos': 0.057, 'compound': 0.8779}\n",
      "{'neg': 0.015, 'neu': 0.914, 'pos': 0.07, 'compound': 0.8671}\n",
      "{'neg': 0.055, 'neu': 0.896, 'pos': 0.049, 'compound': -0.1592}\n",
      "{'neg': 0.005, 'neu': 0.902, 'pos': 0.093, 'compound': 0.9753}\n",
      "{'neg': 0.018, 'neu': 0.893, 'pos': 0.089, 'compound': 0.9584}\n",
      "{'neg': 0.009, 'neu': 0.847, 'pos': 0.144, 'compound': 0.986}\n",
      "{'neg': 0.042, 'neu': 0.844, 'pos': 0.114, 'compound': 0.9427}\n",
      "{'neg': 0.023, 'neu': 0.86, 'pos': 0.117, 'compound': 0.9852}\n",
      "{'neg': 0.011, 'neu': 0.958, 'pos': 0.032, 'compound': 0.4215}\n",
      "{'neg': 0.035, 'neu': 0.91, 'pos': 0.056, 'compound': 0.8663}\n",
      "{'neg': 0.032, 'neu': 0.821, 'pos': 0.147, 'compound': 0.9913}\n",
      "{'neg': 0.019, 'neu': 0.846, 'pos': 0.134, 'compound': 0.9819}\n",
      "{'neg': 0.01, 'neu': 0.793, 'pos': 0.198, 'compound': 0.996}\n",
      "{'neg': 0.028, 'neu': 0.861, 'pos': 0.11, 'compound': 0.9836}\n",
      "{'neg': 0.007, 'neu': 0.871, 'pos': 0.122, 'compound': 0.9801}\n",
      "{'neg': 0.019, 'neu': 0.755, 'pos': 0.226, 'compound': 0.996}\n",
      "{'neg': 0.015, 'neu': 0.876, 'pos': 0.109, 'compound': 0.9847}\n",
      "{'neg': 0.022, 'neu': 0.903, 'pos': 0.075, 'compound': 0.9104}\n",
      "{'neg': 0.014, 'neu': 0.911, 'pos': 0.075, 'compound': 0.9403}\n",
      "{'neg': 0.005, 'neu': 0.911, 'pos': 0.084, 'compound': 0.9738}\n",
      "{'neg': 0.015, 'neu': 0.926, 'pos': 0.059, 'compound': 0.8779}\n",
      "{'neg': 0.025, 'neu': 0.822, 'pos': 0.153, 'compound': 0.9832}\n",
      "{'neg': 0.022, 'neu': 0.853, 'pos': 0.125, 'compound': 0.9885}\n",
      "{'neg': 0.0, 'neu': 0.835, 'pos': 0.165, 'compound': 0.9859}\n",
      "{'neg': 0.0, 'neu': 0.92, 'pos': 0.08, 'compound': 0.9403}\n",
      "{'neg': 0.0, 'neu': 0.878, 'pos': 0.122, 'compound': 0.9838}\n",
      "{'neg': 0.056, 'neu': 0.855, 'pos': 0.089, 'compound': 0.8814}\n",
      "{'neg': 0.01, 'neu': 0.88, 'pos': 0.11, 'compound': 0.9812}\n",
      "{'neg': 0.076, 'neu': 0.856, 'pos': 0.069, 'compound': -0.461}\n",
      "{'neg': 0.0, 'neu': 0.836, 'pos': 0.164, 'compound': 0.993}\n",
      "{'neg': 0.029, 'neu': 0.883, 'pos': 0.088, 'compound': 0.9382}\n",
      "{'neg': 0.018, 'neu': 0.813, 'pos': 0.169, 'compound': 0.9905}\n",
      "{'neg': 0.021, 'neu': 0.877, 'pos': 0.102, 'compound': 0.9894}\n",
